Current Time: 0
Waiting Clients: (1,22,10);(2,22,11);(3,4,3);(4,8,8);(5,15,7);(6,14,5);(7,22,2);(8,3,3);(9,24,3);(10,6,9);(11,23,3);(12,2,7);(13,8,3);(14,23,10);(15,18,8);(16,8,5);(17,10,9);(18,10,3);(19,7,6);(20,22,11);(21,14,12);(22,4,10);(23,14,4);(24,18,11)
Queue 0: Queue 1: Current Time: 1
Waiting Clients: (1,22,10);(2,22,11);(3,4,3);(4,8,8);(5,15,7);(6,14,5);(7,22,2);(8,3,3);(9,24,3);(10,6,9);(11,23,3);(12,2,7);(13,8,3);(14,23,10);(15,18,8);(16,8,5);(17,10,9);(18,10,3);(19,7,6);(20,22,11);(21,14,12);(22,4,10);(23,14,4);(24,18,11)
Queue 0: Queue 1: Current Time: 2
Waiting Clients: (1,22,10);(2,22,11);(3,4,3);(4,8,8);(5,15,7);(6,14,5);(7,22,2);(8,3,3);(9,24,3);(10,6,9);(11,23,3);(12,2,7);(13,8,3);(14,23,10);(15,18,8);(16,8,5);(17,10,9);(18,10,3);(19,7,6);(20,22,11);(21,14,12);(22,4,10);(23,14,4);(24,18,11)
Queue 0: Queue 1: Current Time: 3
Waiting Clients: (1,22,10);(2,22,11);(3,4,3);(4,8,8);(5,15,7);(6,14,5);(7,22,2);(8,3,3);(9,24,3);(10,6,9);(11,23,3);(13,8,3);(14,23,10);(15,18,8);(16,8,5);(17,10,9);(18,10,3);(19,7,6);(20,22,11);(21,14,12);(22,4,10);(23,14,4);(24,18,11)
Queue 0: (12,2,6);Queue 1: Current Time: 4
Waiting Clients: (1,22,10);(2,22,11);(3,4,3);(4,8,8);(5,15,7);(6,14,5);(7,22,2);(9,24,3);(10,6,9);(11,23,3);(13,8,3);(14,23,10);(15,18,8);(16,8,5);(17,10,9);(18,10,3);(19,7,6);(20,22,11);(21,14,12);(22,4,10);(23,14,4);(24,18,11)
Queue 0: (12,2,5);Queue 1: (8,3,2);Current Time: 5
Waiting Clients: (1,22,10);(2,22,11);(4,8,8);(5,15,7);(6,14,5);(7,22,2);(9,24,3);(10,6,9);(11,23,3);(13,8,3);(14,23,10);(15,18,8);(16,8,5);(17,10,9);(18,10,3);(19,7,6);(20,22,11);(21,14,12);(23,14,4);(24,18,11)
Queue 0: (12,2,4);(22,4,10);Queue 1: (8,3,1);(3,4,3);Current Time: 6
Waiting Clients: (1,22,10);(2,22,11);(4,8,8);(5,15,7);(6,14,5);(7,22,2);(9,24,3);(10,6,9);(11,23,3);(13,8,3);(14,23,10);(15,18,8);(16,8,5);(17,10,9);(18,10,3);(19,7,6);(20,22,11);(21,14,12);(23,14,4);(24,18,11)
Queue 0: (12,2,3);(22,4,10);Queue 1: (3,4,3);Current Time: 7
Waiting Clients: (1,22,10);(2,22,11);(4,8,8);(5,15,7);(6,14,5);(7,22,2);(9,24,3);(11,23,3);(13,8,3);(14,23,10);(15,18,8);(16,8,5);(17,10,9);(18,10,3);(19,7,6);(20,22,11);(21,14,12);(23,14,4);(24,18,11)
Queue 0: (12,2,2);(22,4,10);Queue 1: (3,4,2);(10,6,9);Current Time: 8
Waiting Clients: (1,22,10);(2,22,11);(4,8,8);(5,15,7);(6,14,5);(7,22,2);(9,24,3);(11,23,3);(13,8,3);(14,23,10);(15,18,8);(16,8,5);(17,10,9);(18,10,3);(20,22,11);(21,14,12);(23,14,4);(24,18,11)
Queue 0: (12,2,1);(22,4,10);Queue 1: (3,4,1);(10,6,9);(19,7,6);Current Time: 9
Waiting Clients: (1,22,10);(2,22,11);(5,15,7);(6,14,5);(7,22,2);(9,24,3);(11,23,3);(14,23,10);(15,18,8);(17,10,9);(18,10,3);(20,22,11);(21,14,12);(23,14,4);(24,18,11)
Queue 0: (22,4,10);(4,8,8);(16,8,5);Queue 1: (10,6,9);(19,7,6);(13,8,3);Current Time: 10
Waiting Clients: (1,22,10);(2,22,11);(5,15,7);(6,14,5);(7,22,2);(9,24,3);(11,23,3);(14,23,10);(15,18,8);(17,10,9);(18,10,3);(20,22,11);(21,14,12);(23,14,4);(24,18,11)
Queue 0: (22,4,9);(4,8,8);(16,8,5);Queue 1: (10,6,8);(19,7,6);(13,8,3);Current Time: 11
Waiting Clients: (1,22,10);(2,22,11);(5,15,7);(6,14,5);(7,22,2);(9,24,3);(11,23,3);(14,23,10);(15,18,8);(20,22,11);(21,14,12);(23,14,4);(24,18,11)
Queue 0: (22,4,8);(4,8,8);(16,8,5);(18,10,3);Queue 1: (10,6,7);(19,7,6);(13,8,3);(17,10,9);Current Time: 12
Waiting Clients: (1,22,10);(2,22,11);(5,15,7);(6,14,5);(7,22,2);(9,24,3);(11,23,3);(14,23,10);(15,18,8);(20,22,11);(21,14,12);(23,14,4);(24,18,11)
Queue 0: (22,4,7);(4,8,8);(16,8,5);(18,10,3);Queue 1: (10,6,6);(19,7,6);(13,8,3);(17,10,9);Current Time: 13
Waiting Clients: (1,22,10);(2,22,11);(5,15,7);(6,14,5);(7,22,2);(9,24,3);(11,23,3);(14,23,10);(15,18,8);(20,22,11);(21,14,12);(23,14,4);(24,18,11)
Queue 0: (22,4,6);(4,8,8);(16,8,5);(18,10,3);Queue 1: (10,6,5);(19,7,6);(13,8,3);(17,10,9);Current Time: 14
Waiting Clients: (1,22,10);(2,22,11);(5,15,7);(6,14,5);(7,22,2);(9,24,3);(11,23,3);(14,23,10);(15,18,8);(20,22,11);(21,14,12);(23,14,4);(24,18,11)
Queue 0: (22,4,5);(4,8,8);(16,8,5);(18,10,3);Queue 1: (10,6,4);(19,7,6);(13,8,3);(17,10,9);Current Time: 15
Waiting Clients: (1,22,10);(2,22,11);(5,15,7);(7,22,2);(9,24,3);(11,23,3);(14,23,10);(15,18,8);(20,22,11);(24,18,11)
Queue 0: (22,4,4);(4,8,8);(16,8,5);(18,10,3);(6,14,5);(23,14,4);Queue 1: (10,6,3);(19,7,6);(13,8,3);(17,10,9);(21,14,12);Current Time: 16
Waiting Clients: (1,22,10);(2,22,11);(7,22,2);(9,24,3);(11,23,3);(14,23,10);(15,18,8);(20,22,11);(24,18,11)
Queue 0: (22,4,3);(4,8,8);(16,8,5);(18,10,3);(6,14,5);(23,14,4);(5,15,7);Queue 1: (10,6,2);(19,7,6);(13,8,3);(17,10,9);(21,14,12);Current Time: 17
Waiting Clients: (1,22,10);(2,22,11);(7,22,2);(9,24,3);(11,23,3);(14,23,10);(15,18,8);(20,22,11);(24,18,11)
Queue 0: (22,4,2);(4,8,8);(16,8,5);(18,10,3);(6,14,5);(23,14,4);(5,15,7);Queue 1: (10,6,1);(19,7,6);(13,8,3);(17,10,9);(21,14,12);Current Time: 18
Waiting Clients: (1,22,10);(2,22,11);(7,22,2);(9,24,3);(11,23,3);(14,23,10);(15,18,8);(20,22,11);(24,18,11)
Queue 0: (22,4,1);(4,8,8);(16,8,5);(18,10,3);(6,14,5);(23,14,4);(5,15,7);Queue 1: (19,7,6);(13,8,3);(17,10,9);(21,14,12);Current Time: 19
Waiting Clients: (1,22,10);(2,22,11);(7,22,2);(9,24,3);(11,23,3);(14,23,10);(20,22,11)
Queue 0: (4,8,8);(16,8,5);(18,10,3);(6,14,5);(23,14,4);(5,15,7);(24,18,11);Queue 1: (19,7,5);(13,8,3);(17,10,9);(21,14,12);(15,18,8);Current Time: 20
Waiting Clients: (1,22,10);(2,22,11);(7,22,2);(9,24,3);(11,23,3);(14,23,10);(20,22,11)
Queue 0: (4,8,7);(16,8,5);(18,10,3);(6,14,5);(23,14,4);(5,15,7);(24,18,11);Queue 1: (19,7,4);(13,8,3);(17,10,9);(21,14,12);(15,18,8);Current Time: 21
Waiting Clients: (1,22,10);(2,22,11);(7,22,2);(9,24,3);(11,23,3);(14,23,10);(20,22,11)
Queue 0: (4,8,6);(16,8,5);(18,10,3);(6,14,5);(23,14,4);(5,15,7);(24,18,11);Queue 1: (19,7,3);(13,8,3);(17,10,9);(21,14,12);(15,18,8);Current Time: 22
Waiting Clients: (1,22,10);(2,22,11);(7,22,2);(9,24,3);(11,23,3);(14,23,10);(20,22,11)
Queue 0: (4,8,5);(16,8,5);(18,10,3);(6,14,5);(23,14,4);(5,15,7);(24,18,11);Queue 1: (19,7,2);(13,8,3);(17,10,9);(21,14,12);(15,18,8);Current Time: 23
Waiting Clients: (9,24,3);(11,23,3);(14,23,10)
Queue 0: (4,8,4);(16,8,5);(18,10,3);(6,14,5);(23,14,4);(5,15,7);(24,18,11);(2,22,11);Queue 1: (19,7,1);(13,8,3);(17,10,9);(21,14,12);(15,18,8);(1,22,10);(7,22,2);(20,22,11);Current Time: 24
Waiting Clients: (9,24,3)
Queue 0: (4,8,3);(16,8,5);(18,10,3);(6,14,5);(23,14,4);(5,15,7);(24,18,11);(2,22,11);(11,23,3);(14,23,10);Queue 1: (13,8,3);(17,10,9);(21,14,12);(15,18,8);(1,22,10);(7,22,2);(20,22,11);Current Time: 25
Waiting Clients: no clients in waiting line
Queue 0: (4,8,2);(16,8,5);(18,10,3);(6,14,5);(23,14,4);(5,15,7);(24,18,11);(2,22,11);(11,23,3);(14,23,10);Queue 1: (13,8,2);(17,10,9);(21,14,12);(15,18,8);(1,22,10);(7,22,2);(20,22,11);(9,24,3);Current Time: 26
Waiting Clients: no clients in waiting line
Queue 0: (4,8,1);(16,8,5);(18,10,3);(6,14,5);(23,14,4);(5,15,7);(24,18,11);(2,22,11);(11,23,3);(14,23,10);Queue 1: (13,8,1);(17,10,9);(21,14,12);(15,18,8);(1,22,10);(7,22,2);(20,22,11);(9,24,3);Current Time: 27
Waiting Clients: no clients in waiting line
Queue 0: (16,8,5);(18,10,3);(6,14,5);(23,14,4);(5,15,7);(24,18,11);(2,22,11);(11,23,3);(14,23,10);Queue 1: (17,10,9);(21,14,12);(15,18,8);(1,22,10);(7,22,2);(20,22,11);(9,24,3);Current Time: 28
Waiting Clients: no clients in waiting line
Queue 0: (16,8,4);(18,10,3);(6,14,5);(23,14,4);(5,15,7);(24,18,11);(2,22,11);(11,23,3);(14,23,10);Queue 1: (17,10,8);(21,14,12);(15,18,8);(1,22,10);(7,22,2);(20,22,11);(9,24,3);Current Time: 29
Waiting Clients: no clients in waiting line
Queue 0: (16,8,3);(18,10,3);(6,14,5);(23,14,4);(5,15,7);(24,18,11);(2,22,11);(11,23,3);(14,23,10);Queue 1: (17,10,7);(21,14,12);(15,18,8);(1,22,10);(7,22,2);(20,22,11);(9,24,3);Current Time: 30
Waiting Clients: no clients in waiting line
Queue 0: (16,8,2);(18,10,3);(6,14,5);(23,14,4);(5,15,7);(24,18,11);(2,22,11);(11,23,3);(14,23,10);Queue 1: (17,10,6);(21,14,12);(15,18,8);(1,22,10);(7,22,2);(20,22,11);(9,24,3);Current Time: 31
Waiting Clients: no clients in waiting line
Queue 0: (16,8,1);(18,10,3);(6,14,5);(23,14,4);(5,15,7);(24,18,11);(2,22,11);(11,23,3);(14,23,10);Queue 1: (17,10,5);(21,14,12);(15,18,8);(1,22,10);(7,22,2